64131348
64132456
64130713
64131509
64131703
64131787
64133183
64130980
64132127
63133641
64133167
64130580
64131460
64130378
63130765
64130567
63130765
64131283
64132288
64130683
64132749
64132336
64132207
64130773
64133001
64130635
63136361
64132665
64131880
64131854
64131001
63134674
63132615
64132675
64130301
64130531
64130175
64131627
64130619
64130247
63131891
64130843
64130317
64130936
64130952
64131768
64131130
63134366
64131386
64130123
64132310
64130922
64132077
64131995
64131055
64131227
64131200
64132989
64131721
64133085
64133028
64132256
64132125
63136251
64132564
64132900
64130473
64133366
64131906