64130134 056204013222
64130152 056304002885
64130194 042304009518
64130227 056204010026
64130262 056204013453
64130286 056204005529
64130378 058304002656
64130423 056204009523
64130493 056304001730
64130608 056204010556
64130729 056204002048
64130748 056204013325
64130848 225972212
64130888 056204009480
64130892 056204000928
64131003 058204007029
64131060 054204001331
64131209 054204001331
64131228 056204006127
64131236 054204010653
64131294 056204001452
64131375 054204000313
64131480 056204005954
64131537 056204010411
64131772 056204013380
64131782 056204004343
64131843 052204010532
64131858 054203006653
64131909 058204004667
64131916 056204001973
64131973 056304000507
64132058 225953886
64132079 056204001687
64132127 058204001795
64132192 064204006677
64132261 058204003000
64132263 225943047
64132295 056204001048
64132319 056204006007
64132409 093204007705
64132410 054204000128
64132496 056204010924
64132666 056204003633
64132754 056204012023
64132780 054204003239
64132800 056204011292
64132848 056204008800
64132902 056204009234
64132980 056204012095
64133019 030204013988
